         385 24431.44
          65
5332        1525
           1        5166        1480           3
           2        5403        1631           7
           3        5030        1372           7
           4        5469        1830          15
           5        5495        1832           1
           6        5394        1844          23
           7        5403        1868           5
           8        5415        1875           3
           9        5426        1876           3
          10        5440        1885           2
          11        5451        1891           6
          12        5457        1926           1
          13        5365        1877           1
          14        5350        1843           1
          15        5322        1844           2
          16        5342        1861           1
          17        5325        1869           4
          18        5302        1823           8
          19        5284        1862          42
          20        5382        1890           1
          21        5385        1886           1
          22        5376        1887           3
          23        5372        1896           1
          24        5374        1873           1
          25        5377        1863           2
          26        5372        1845           3
          27        5365        1832           4
          28        5365        1822           5
          29        5355        1865           1
          30        5401        1893           1
          31        5456        1933           3
          32        5614        1855          14
          33        5636        1867          13
          34        5610        1913           6
          35        5592        1934           2
          36        5644        1923           2
          37        5694        1892           2
          38        5709        1917           1
          39        5697        1919          24
          40        5725        1953           5
          41        5657        1948           2
          42        5673        1965           2
          43        5683        1971           4
          44        5674        1973           1
          45        5712        1992           1
          46        5651        1974           1
          47        5663        1989           1
          48        5680        2006           6
          49        5114        1669           7
          50        5143        1670          10
          51        5176        1590           2
          52        5222        1620           1
          53        5224        1592           6
          54        5232        1587           1
          55        5214        1635           7
          56        5234        1641           3
          57        5211        1666           3
          58        5190        1739          31
          59        5217        1759           8
          60        5249        1770           2
          61        5254        1761           1
          62        5281        1778           1
          63        5278        1783           1
          64        5301        1784           3
          65        5306        1792           4
          66        5333        1799           3
          67        5342        1796           1
          68        5337        1816           3
          69        5288        1762           3
          70        5306        1748          45
          71        5291        1746           2
          72        5282        1730           1
          73        5264        1739           1
          74        5264        1718           2
          75        5253        1718           4
          76        5240        1730           1
          77        5242        1716           2
          78        5198        1714           4
          79        5225        1689           1
          80        5245        1668           2
          81        5263        1661           1
          82        5259        1632           2
          83        5242        1624           1
          84        5252        1605           2
          85        5245        1583           2
          86        5265        1583           3
          87        5287        1595           4
          88        5271        1614           2
          89        5286        1629          19
          90        5277        1651           1
          91        5310        1588          10
          92        5319        1588           3
          93        5330        1605           6
          94        5360        1595          28
          95        5343        1616           3
          96        5329        1617           2
          97        5355        1636           2
          98        5340        1644           2
          99        5310        1612          12
         100        5302        1629          21
         101        5317        1636           5
         102        5301        1672           7
         103        5270        1678           1
         104        5291        1678          14
         105        5289        1687           7
         106        5296        1718           5
         107        5331        1709           4
         108        5334        1727          20
         109        5357        1749           2
         110        5344        1755           1
         111        5365        1771           2
         112        5379        1773           1
         113        5387        1778           1
         114        5401        1775           1
         115        5411        1790           4
         116        5426        1801           1
         117        5433        1813           1
         118        5391        1811          42
         119        5365        1806           2
         120        5362        1811           4
         121        5388        1740           5
         122        5358        1727           3
         123        5360        1704           2
         124        5301        1688           1
         125        5340        1659           4
         126        5359        1654           4
         127        5384        1658          33
         128        5374        1626           5
         129        5351        1670           1
         130        5360        1678           4
         131        5388        1635           1
         132        5367        1612           7
         133        5387        1676           6
         134        5406        1653           4
         135        5412        1673           1
         136        5388        1610           4
         137        5376        1603           8
         138        5385        1593          17
         139        5417        1613          12
         140        5420        1642           4
         141        5430        1676           1
         142        5435        1666           2
         143        5437        1682           1
         144        5422        1696           3
         145        5394        1708           5
         146        5411        1762           1
         147        5432        1787           3
         148        5436        1768           1
         149        5422        1749           2
         150        5428        1739           1
         151        5415        1724           3
         152        5429        1716           1
         153        5441        1714           7
         154        5443        1751           1
         155        5448        1774           3
         156        5456        1777           1
         157        5472        1790           1
         158        5485        1818           1
         159        5494        1808           2
         160        5488        1802           1
         161        5478        1775           1
         162        5466        1761           1
         163        5466        1753           1
         164        5463        1740           1
         165        5477        1726           4
         166        5451        1735           2
         167        5461        1711           3
         168        5450        1703           1
         169        5475        1679           1
         170        5456        1664           1
         171        5445        1665           1
         172        5466        1673           2
         173        5436        1640           2
         174        5455        1647           2
         175        5480        1657           2
         176        5492        1669           1
         177        5494        1662           1
         178        5490        1636           4
         179        5473        1626           3
         180        5467        1621           4
         181        5466        1593           2
         182        5488        1608           9
         183        5492        1619           6
         184        5473        1582           5
         185        5498        1585           6
         186        5498        1598           2
         187        5184        1614           6
         188        5300        1647           1
         189        5515        1581           1
         190        5504        1632           3
         191        5502        1721           1
         192        5502        1746           1
         193        5518        1675           1
         194        5511        1688          43
         195        5519        1729           1
         196        5512        1736           1
         197        5519        1778           3
         198        5513        1804           1
         199        5520        1708           1
         200        5531        1754           1
         201        5526        1793           2
         202        5531        1580          10
         203        5537        1696           1
         204        5542        1733          21
         205        5549        1703           1
         206        5550        1722           2
         207        5544        1752           1
         208        5551        1585           1
         209        5552        1691           1
         210        5560        1714           1
         211        5574        1723           1
         212        5575        1732           2
         213        5572        1755           2
         214        5576        1770           2
         215        5587        1743           1
         216        5575        1791          11
         217        5599        1777           1
         218        5605        1762           1
         219        5609        1804           2
         220        5616        1779           1
         221        5033        1340           7
         222        5050        1348          17
         223        5020        1365           5
         224        5009        1375           6
         225        5040        1368           1
         226        5052        1374           7
         227        5078        1376          35
         228        5077        1387          24
         229        5050        1386           3
         230        5040        1387           2
         231        5028        1396           7
         232        5031        1405           9
         233        5016        1447          13
         234        5051        1412           8
         235        5049        1427           7
         236        5073        1405           6
         237        5077        1421           3
         238        5062        1434          13
         239        5085        1440          12
         240        5086        1427           5
         241        5095        1419           4
         242        5122        1427           3
         243        5103        1445           3
         244        5109        1447           2
         245        5118        1452           4
         246        5129        1437           2
         247        5122        1458           7
         248        5093        1468           3
         249        5057        1460          13
         250        5073        1466           6
         251        5085        1492           2
         252        5076        1481           7
         253        5136        1467           1
         254        5139        1496           4
         255        5133        1503           1
         256        5094        1500           3
         257        5132        1515          14
         258        5150        1520           2
         259        5155        1458          38
         260        5176        1468           9
         261        5199        1472           4
         262        5223        1472           5
         263        5218        1489          14
         264        5196        1499          23
         265        5176        1502           2
         266        5180        1484           5
         267        5491        1481          18
         268        5496        1501          21
         269        5458        1544          28
         270        5470        1490           3
         271        5459        1494           2
         272        5454        1489          18
         273        5445        1495          17
         274        5438        1496           4
         275        5247        1483          36
         276        5242        1508           4
         277        5208        1506           6
         278        5217        1523           8
         279        5193        1512           3
         280        5152        1546          14
         281        5185        1564           3
         282        5155        1569           1
         283        5225        1561           9
         284        5233        1549           3
         285        5235        1535           2
         286        5246        1524           3
         287        5253        1509           5
         288        5259        1508          15
         289        5260        1565           3
         290        5271        1554           2
         291        5252        1543           1
         292        5264        1536           2
         293        5260        1531           5
         294        5280        1515          12
         295        5262        1525           2
         296        5423        1505          11
         297        5409        1508          12
         298        5417        1523          19
         299        5407        1561          30
         300        5493        1474           3
         301        5401        1512          10
         302        5299        1521          38
         303        5295        1531          14
         304        5289        1565           4
         305        5291        1552           3
         306        5290        1577           3
         307        5309        1541          20
         308        5313        1559          42
         309        5311        1529          10
         310        5327        1535          42
         311        5324        1513          26
         312        5331        1570           4
         313        5339        1562          53
         314        5335        1533          56
         315        5343        1543           8
         316        5360        1572          25
         317        5361        1540          60
         318        5385        1568          47
         319        5242        1556           1
         320        5225        1515           2
         321        5275        1533           8
         322        5379        1521          49
         323        5607        1345           8
         324        5600        1360           3
         325        5585        1365           5
         326        5604        1384          37
         327        5607        1409           7
         328        5595        1422          23
         329        5554        1446          34
         330        5542        1459           4
         331        5581        1460          40
         332        5566        1469          37
         333        5540        1468          32
         334        5534        1469          21
         335        5532        1474          21
         336        5542        1478          11
         337        5505        1471           3
         338        5517        1543           1
         339        5519        1561           1
         340        5533        1561           9
         341        5558        1551           3
         342        5565        1557           2
         343        5558        1577           1
         344        5521        1573           3
         345        5502        1570           2
         346        5724        1463           4
         347        5767        1472          29
         348        5824        1487           8
         349        5585        1572           1
         350        5015        1332          11
         351        5041        1321          18
         352        5027        1305          23
         353        5040        1301          19
         354        5026        1295          11
         355        4994        1302           3
         356        5022        1288          12
         357        5710        1247           9
         358        5671        1223          54
         359        5672        1325          23
         360        5658        1274          51
         361        5637        1296          10
         362        5632        1311           8
         363        5631        1332           3
         364        5581        1332           2
         365        5587        1754           1
         366        5503        1791           1
         367        5540        1584           1
         368        5556        1809           1
         369        5418        1818           5
         370        5345        1825           1
         371        5348        1686           1
         372        5357        1558           8
         373        5588        1786           1
         374        5153        1468          14
         375        5708        1347           8
         376        5303        1653           1
         377        5347        1820           1
         378        5487        1547          14
         379        5167        1495           1
         380        5096        1521           4
         381        5460        1688           2
         382        5675        1187           8
         383        5784        1331          10
         384        5695        1979           2
         385        5059        1597          40

24435.462950
        47 0 10000 
   8 341 342 349 346 347 348 383 375 
   3 336 333 334 
   4 246 242 228 227 
   6 262 261 260 259 266 276 
  11 139 180 179 178 190 183 182 186 185 345 378 
  20 193 203 205 206 213 214 216 373 217 219  32  33  34  35   5 160 161 162 163 164 
   2 382 358 
   4 364 360 357 363 
   7 319 281 385  49  50  57  52 
  24 209 210 211 212 215 365 218 220  37  39  38  40  45 384  43  42  44  48  47  46  41  36 368 192 
   7 327 359 361 362 323 324 325
   7 239 238 235 233 249 250 379 
  12 241 236 229 230   3 223 224 231 232 234 237 240 
   3 275 288 294 
   4 351 352 221 222 
  17 320 279 265 254 255 380 256 251 252 248 243 244 245 247 253 374   1 
   7 353 354 356 355 350 225 226 
  12 269 338 339 340 343 208 367 202 344 189 184 181 
   2 308 307 
  10 145 121 112 113 118 115 114 146 149 151 
  13 142 171 381 167 165 191 199 194 176 177 175 174 173 
   1 310 
  10  72  69  64  65  18  19  63  62  73  81 
  15  88  82  80  79  78  58  59  60  61  76  77  75  74 103  90 
   2 302 311
   2 315 313 
   8 128 131 127 133 134 140   2 136 
  13 305 290 289  85  54  53 283 284 291 292 321 303 309 
   2 138 318 
   9 188 376 124 106  71  70 107 125  98 
  14 304  86  84  83  56  55 187  51 282 280 257 258 286 295 
   7 287 263 264 277 278 285 293 
   1 317 
   9  96 101 102 104 105 108 130 126  97 
   4 274 270 332 268 
   3 330 331 335 
   4 329 337 267 301
   4 296 273 272 298 
   2 322 297 
   6 306  87  89 100  99 312 
   7  94 137 132  95  93  92  91 
   1 314 
  31 110  66  68  15  17  16  29  13  24  22  23  20  21  30  31  12  11  10   9   8   7  25  26  14 370 377  67 109 122 123 129 
  22 135 144 152 150 155 156 157   4 158 159 366 198 201 197 200 207 204 195 196 169 172 170 
  18 371 111 119 120  28  27   6 369 117 116 147 148 154 166 153 168 143 141 
   3 299 316 372 
   4 326 328 300 271 

